local locs = {
    Arena = CFrame.new(-18.393, 26.978, 9.003, 0.999929, 0, 0.011914, 0, 1, 0, -0.011914, 0, 0.999929),
    Tree = CFrame.new(-143.156, 82.464, -246.582, 0.985673, 0, -0.168666, 0, 1, 0, 0.168666, 0, 0.985673),
    Wall = CFrame.new(-251.617, 92.690, -335.043, -0.794003, 0, -0.607913, 0, 1, 0, 0.607913, 0, -0.794003),
    GrayWall = CFrame.new(-266.613, 119.881, -347.056, -0.698223, 0, -0.715880, 0, 1, 0, 0.715880, 0, -0.698223),
    Secret = CFrame.new(-197.105, 22.953, -377.287) * CFrame.Angles(math.rad(0.044), math.rad(23.156), math.rad(0.08)),
    Outside = CFrame.new(-295.778, 25.596, -355.215, -0.409, 0, -0.913, 0, 1, 0, 0.913, 0, -0.409),
    OutsideOfGate = CFrame.new(-420.443, 25.596, -9.648, -0.0046, 0, -0.999989, 0, 1, 0, 0.999989, 0, -0.0046),
    InsideRock = CFrame.new(-341.302, 25.596, 47.305, 0.342859, 0, 0.939387, 0, 1, 0, -0.939387, 0, 0.342859),
    Pillar = CFrame.new(-88.647, 70.197, 92.618, 0.952380, 0, -0.304915, 0, 1, 0, 0.304915, 0, 0.952380),
    InsideRock2 = CFrame.new(283.553, 25.596, 184.675, -0.423626, 0, 0.905837, 0, 1, 0, -0.905837, 0, -0.423626),
    InsideRock3 = CFrame.new(43.311, 25.500, -168.158, 0.168662, 0, -0.985674, 0, 1, 0, 0.985674, 0, 0.168662),
    Gate = CFrame.new(5.181, 25.500, 419.471, 0.985070, 0, 0.172157, 0, 1, 0, -0.172157, 0, 0.985070),
    Pillar2 = CFrame.new(88.735, 70.100, -84.323, -0.347119, 0, 0.937821, 0, 1, 0, -0.937821, 0, 0.347119),
    UnderRock = CFrame.new(45.779, 21.812, -185.381, -0.863430, -0.497, -0.087601, 0, 0.173651, -0.984807, 0.504468, -0.850312, -0.149936)
}
